
343.0
371.0
251.0
237.0
265.0
255.0
270.0
276.0
276.0
286.0
237.0
198.0
255.0
271.0
250.0
246.0
227.0
270.0
226.0
236.0
218.0
270.0
226.0
240.0
231.0
222.0
222.0
255.0
240.0
236.0
198.0
217.0
256.0
274.0
233.0
245.0
210.0
209.0
223.0
237.0
237.0
207.0
341.0
347.0
333.0
193.0
221.0
209.0
266.0
309.0
314.0
310.0
272.0
221.0
287.0
330.0
340.0
262.0
224.0
226.0
233.0
227.0
217.0
232.0
240.0
221.0
236.0
217.0
255.0
256.0
282.0
261.0
234.0
237.0
307.0
266.0
281.0
286.0
287.0
286.0
295.0
301.0
288.0
287.0
279.0
277.0
265.0
260.0
288.0
286.0
305.0
278.0
307.0
287.0
269.0
296.0
296.0
291.0
293.0
282.0
309.0
313.0
283.0
283.0
291.0
313.0
311.0
311.0
294.0
295.0
317.0
299.0
294.0
282.0
294.0
284.0
310.0
285.0
286.0
319.0
310.0
319.0
260.0
247.0
242.0
255.0
267.0
255.0
319.0
320.0
287.0
304.0
321.0
296.0
305.0
320.0
322.0
266.0
252.0
302.0
326.0
320.0
304.0
225.0
269.0
289.0
274.0
300.0
311.0
275.0
279.0
296.0
301.0
270.0
291.0
286.0
292.0
310.0
247.0
214.0
287.0
293.0
286.0
268.0
300.0
283.0
286.0
228.0
209.0
294.0
303.0
311.0
311.0
276.0
322.0
311.0
312.0
273.0
311.0
298.0
225.0
233.0
259.0
287.0
274.0
241.0
242.0
309.0
308.0
315.0
301.0
309.0
322.0
305.0
303.0
331.0
301.0
340.0
340.0
300.0
319.0
304.0
302.0
315.0
325.0
294.0
346.0
306.0
300.0
278.0
320.0
348.0
305.0
306.0
322.0
309.0
322.0
216.0
264.0
308.0
315.0
322.0
311.0
315.0
322.0
311.0
177.0
196.0
264.0
293.0
297.0
268.0
219.0
234.0
250.0
246.0
308.0
307.0
311.0
